2.87196E-07	1.15608E-07	3.10472E-08	6.96106E-09	6.96106E-09	1.47407E-08	3.99881E-08	1.8201E-07	3.99881E-08	1.8201E-07	1.8201E-07	3.99881E-08	1.8201E-07	1.8201E-07	3.99881E-08	1.8201E-07	1.90866E-08	5.35722E-08	1.90866E-08	5.35722E-08	1.66465E-08	1.66465E-08	1.66465E-08	1.66465E-08	4.93916E-09
1.15608E-07	5.25034E-07	2.03973E-07	1.24138E-08	1.24138E-08	1.57794E-08	3.19163E-08	1.57815E-07	3.19163E-08	1.57815E-07	1.57815E-07	3.19163E-08	1.57815E-07	1.57815E-07	3.19163E-08	1.57815E-07	2.10138E-08	1.17179E-07	2.10138E-08	1.17179E-07	1.55507E-08	1.55507E-08	1.55507E-08	1.55507E-08	6.12412E-09
3.00859E-08	1.97771E-07	7.96822E-07	1.66727E-07	1.66727E-07	2.39117E-08	1.74686E-08	1.03313E-07	1.74686E-08	1.03313E-07	1.03313E-07	1.74686E-08	1.03313E-07	1.03313E-07	1.74686E-08	1.03313E-07	4.45926E-08	1.67229E-07	4.45926E-08	1.67229E-07	1.75615E-08	1.75615E-08	1.75615E-08	1.75615E-08	7.7522E-09
3.48064E-09	1.24138E-08	1.66733E-07	1.22659E-06	1.22659E-06	1.19665E-07	4.9967E-08	4.9967E-08	4.9967E-08	4.9967E-08	4.9967E-08	4.9967E-08	4.9967E-08	4.9967E-08	4.9967E-08	4.9967E-08	1.17057E-07	1.17057E-07	1.17057E-07	1.17057E-07	2.32145E-08	2.32145E-08	2.32145E-08	2.32145E-08	8.3954E-09
3.48064E-09	1.24138E-08	1.66733E-07	1.22659E-06	1.22659E-06	1.19665E-07	4.9967E-08	4.9967E-08	4.9967E-08	4.9967E-08	4.9967E-08	4.9967E-08	4.9967E-08	4.9967E-08	4.9967E-08	4.9967E-08	1.17057E-07	1.17057E-07	1.17057E-07	1.17057E-07	2.32145E-08	2.32145E-08	2.32145E-08	2.32145E-08	8.3954E-09
2.06523E-08	2.21071E-08	2.6159E-08	2.26445E-08	2.26445E-08	3.16956E-07	7.77554E-08	7.77554E-08	7.77554E-08	7.77554E-08	7.77554E-08	7.77554E-08	7.77554E-08	7.77554E-08	7.77554E-08	7.77554E-08	7.69032E-08	7.69032E-08	7.69032E-08	7.69032E-08	5.51265E-08	5.51265E-08	5.51265E-08	5.51265E-08	1.04379E-08
3.99881E-08	3.19164E-08	1.37454E-08	1.78022E-08	1.78022E-08	8.67557E-08	2.20199E-07	2.20199E-07	2.20199E-07	2.20199E-07	2.20199E-07	2.20199E-07	2.20199E-07	2.20199E-07	2.20199E-07	2.20199E-07	9.15368E-08	9.15368E-08	9.15368E-08	9.15368E-08	5.60008E-08	5.60008E-08	5.60008E-08	5.60008E-08	1.10053E-08
1.8201E-07	1.57816E-07	1.0335E-07	4.58226E-08	4.58226E-08	8.67557E-08	2.20199E-07	2.20199E-07	2.20199E-07	2.20199E-07	2.20199E-07	2.20199E-07	2.20199E-07	2.20199E-07	2.20199E-07	2.20199E-07	9.15368E-08	9.15368E-08	9.15368E-08	9.15368E-08	5.60008E-08	5.60008E-08	5.60008E-08	5.60008E-08	1.10053E-08
3.99881E-08	3.19164E-08	1.37454E-08	1.78022E-08	1.78022E-08	8.67557E-08	2.20199E-07	2.20199E-07	2.20199E-07	2.20199E-07	2.20199E-07	2.20199E-07	2.20199E-07	2.20199E-07	2.20199E-07	2.20199E-07	9.15368E-08	9.15368E-08	9.15368E-08	9.15368E-08	5.60008E-08	5.60008E-08	5.60008E-08	5.60008E-08	1.10053E-08
1.8201E-07	1.57816E-07	1.0335E-07	4.58226E-08	4.58226E-08	8.67557E-08	2.20199E-07	2.20199E-07	2.20199E-07	2.20199E-07	2.20199E-07	2.20199E-07	2.20199E-07	2.20199E-07	2.20199E-07	2.20199E-07	9.15368E-08	9.15368E-08	9.15368E-08	9.15368E-08	5.60008E-08	5.60008E-08	5.60008E-08	5.60008E-08	1.10053E-08
1.8201E-07	1.57816E-07	1.0335E-07	4.58226E-08	4.58226E-08	8.67557E-08	2.20199E-07	2.20199E-07	2.20199E-07	2.20199E-07	2.20199E-07	2.20199E-07	2.20199E-07	2.20199E-07	2.20199E-07	2.20199E-07	9.15368E-08	9.15368E-08	9.15368E-08	9.15368E-08	5.60008E-08	5.60008E-08	5.60008E-08	5.60008E-08	1.10053E-08
3.99881E-08	3.19164E-08	1.37454E-08	1.78022E-08	1.78022E-08	8.67557E-08	2.20199E-07	2.20199E-07	2.20199E-07	2.20199E-07	2.20199E-07	2.20199E-07	2.20199E-07	2.20199E-07	2.20199E-07	2.20199E-07	9.15368E-08	9.15368E-08	9.15368E-08	9.15368E-08	5.60008E-08	5.60008E-08	5.60008E-08	5.60008E-08	1.10053E-08
1.8201E-07	1.57816E-07	1.0335E-07	4.58226E-08	4.58226E-08	8.67557E-08	2.20199E-07	2.20199E-07	2.20199E-07	2.20199E-07	2.20199E-07	2.20199E-07	2.20199E-07	2.20199E-07	2.20199E-07	2.20199E-07	9.15368E-08	9.15368E-08	9.15368E-08	9.15368E-08	5.60008E-08	5.60008E-08	5.60008E-08	5.60008E-08	1.10053E-08
1.8201E-07	1.57816E-07	1.0335E-07	4.58226E-08	4.58226E-08	8.67557E-08	2.20199E-07	2.20199E-07	2.20199E-07	2.20199E-07	2.20199E-07	2.20199E-07	2.20199E-07	2.20199E-07	2.20199E-07	2.20199E-07	9.15368E-08	9.15368E-08	9.15368E-08	9.15368E-08	5.60008E-08	5.60008E-08	5.60008E-08	5.60008E-08	1.10053E-08
3.99881E-08	3.19164E-08	1.37454E-08	1.78022E-08	1.78022E-08	8.67557E-08	2.20199E-07	2.20199E-07	2.20199E-07	2.20199E-07	2.20199E-07	2.20199E-07	2.20199E-07	2.20199E-07	2.20199E-07	2.20199E-07	9.15368E-08	9.15368E-08	9.15368E-08	9.15368E-08	5.60008E-08	5.60008E-08	5.60008E-08	5.60008E-08	1.10053E-08
1.8201E-07	1.57816E-07	1.0335E-07	4.58226E-08	4.58226E-08	8.67557E-08	2.20199E-07	2.20199E-07	2.20199E-07	2.20199E-07	2.20199E-07	2.20199E-07	2.20199E-07	2.20199E-07	2.20199E-07	2.20199E-07	9.15368E-08	9.15368E-08	9.15368E-08	9.15368E-08	5.60008E-08	5.60008E-08	5.60008E-08	5.60008E-08	1.10053E-08
8.73355E-09	2.10139E-08	3.50702E-08	3.90529E-08	3.90529E-08	6.30102E-08	6.68852E-08	6.68852E-08	6.68852E-08	6.68852E-08	6.68852E-08	6.68852E-08	6.68852E-08	6.68852E-08	6.68852E-08	6.68852E-08	1.76504E-07	1.76504E-07	1.76504E-07	1.76504E-07	5.6622E-08	5.6622E-08	5.6622E-08	5.6622E-08	1.41084E-08
8.27107E-08	1.17179E-07	1.67269E-07	1.17057E-07	1.17057E-07	6.30102E-08	6.68852E-08	6.68852E-08	6.68852E-08	6.68852E-08	6.68852E-08	6.68852E-08	6.68852E-08	6.68852E-08	6.68852E-08	6.68852E-08	1.76504E-07	1.76504E-07	1.76504E-07	1.76504E-07	5.6622E-08	5.6622E-08	5.6622E-08	5.6622E-08	1.41084E-08
8.73355E-09	2.10139E-08	3.50702E-08	3.90529E-08	3.90529E-08	6.30102E-08	6.68852E-08	6.68852E-08	6.68852E-08	6.68852E-08	6.68852E-08	6.68852E-08	6.68852E-08	6.68852E-08	6.68852E-08	6.68852E-08	1.76504E-07	1.76504E-07	1.76504E-07	1.76504E-07	5.6622E-08	5.6622E-08	5.6622E-08	5.6622E-08	1.41084E-08
8.27107E-08	1.17179E-07	1.67269E-07	1.17057E-07	1.17057E-07	6.30102E-08	6.68852E-08	6.68852E-08	6.68852E-08	6.68852E-08	6.68852E-08	6.68852E-08	6.68852E-08	6.68852E-08	6.68852E-08	6.68852E-08	1.76504E-07	1.76504E-07	1.76504E-07	1.76504E-07	5.6622E-08	5.6622E-08	5.6622E-08	5.6622E-08	1.41084E-08
1.16396E-08	1.08729E-08	1.381E-08	2.32125E-08	2.32125E-08	4.02836E-08	4.69164E-08	4.69164E-08	4.69164E-08	4.69164E-08	4.69164E-08	4.69164E-08	4.69164E-08	4.69164E-08	4.69164E-08	4.69164E-08	6.49248E-08	6.49248E-08	6.49248E-08	6.49248E-08	1.42659E-07	1.42659E-07	1.42659E-07	1.42659E-07	3.32858E-08
1.16396E-08	1.08729E-08	1.381E-08	2.32125E-08	2.32125E-08	4.02836E-08	4.69164E-08	4.69164E-08	4.69164E-08	4.69164E-08	4.69164E-08	4.69164E-08	4.69164E-08	4.69164E-08	4.69164E-08	4.69164E-08	6.49248E-08	6.49248E-08	6.49248E-08	6.49248E-08	1.42659E-07	1.42659E-07	1.42659E-07	1.42659E-07	3.32858E-08
1.16396E-08	1.08729E-08	1.381E-08	2.32125E-08	2.32125E-08	4.02836E-08	4.69164E-08	4.69164E-08	4.69164E-08	4.69164E-08	4.69164E-08	4.69164E-08	4.69164E-08	4.69164E-08	4.69164E-08	4.69164E-08	6.49248E-08	6.49248E-08	6.49248E-08	6.49248E-08	1.42659E-07	1.42659E-07	1.42659E-07	1.42659E-07	3.32858E-08
1.16396E-08	1.08729E-08	1.381E-08	2.32125E-08	2.32125E-08	4.02836E-08	4.69164E-08	4.69164E-08	4.69164E-08	4.69164E-08	4.69164E-08	4.69164E-08	4.69164E-08	4.69164E-08	4.69164E-08	4.69164E-08	6.49248E-08	6.49248E-08	6.49248E-08	6.49248E-08	1.42659E-07	1.42659E-07	1.42659E-07	1.42659E-07	3.32858E-08
4.93916E-09	6.12412E-09	7.7605E-09	8.39539E-09	8.39539E-09	1.04354E-08	1.57356E-08	1.57356E-08	1.57356E-08	1.57356E-08	1.57356E-08	1.57356E-08	1.57356E-08	1.57356E-08	1.57356E-08	1.57356E-08	2.0173E-08	2.0173E-08	2.0173E-08	2.0173E-08	4.55607E-08	4.55607E-08	4.55607E-08	4.55607E-08	1.80125E-07
